{
 "cells": [
  {
   "cell_type": "code",
   "execution_count": 1,
   "metadata": {
    "collapsed": false
   },
   "outputs": [],
   "source": [
    "import numpy as np\n",
    "import librosa\n",
    "import matplotlib.pyplot as plt\n",
    "from datetime import datetime\n",
    "from pomegranate import *\n",
    "from pomegranate import HiddenMarkovModel as Model\n",
    "from collections import Counter\n",
    "\n",
    "startTime = datetime.now()\n",
    "vocabulary =[]\n",
    "\n",
    "def getPathToGroundtruth(episode):\n",
    "    \"\"\"Return path to groundtruth file for episode\"\"\"\n",
    "    pathToGroundtruth = \"../../../tbbt/TBBT/season01/Audio/\" \\\n",
    "                        + \"TheBigBangTheory.Season01.Episode%02d.en.wav\" % episode\n",
    "    return pathToGroundtruth\n",
    "getPathToGroundtruth(1)\n",
    "\n",
    "def getMFCC(episode):\n",
    "    filename = getPathToGroundtruth(episode)\n",
    "    y, sr = librosa.load(filename)  # Y gives \n",
    "    data = librosa.feature.mfcc(y=y, sr=sr)\n",
    "    return data\n",
    "data = getMFCC(1)\n",
    "\n",
    "\n",
    "\n"
   ]
  },
  {
   "cell_type": "code",
   "execution_count": 57,
   "metadata": {
    "collapsed": false
   },
   "outputs": [
    {
     "data": {
      "text/plain": [
       "array([[ -6.13599037e+02,  -6.13599037e+02,  -6.13599037e+02, ...,\n",
       "         -6.13599037e+02,  -6.13599037e+02,  -6.13599037e+02],\n",
       "       [ -2.46998290e-14,  -2.46998290e-14,  -2.46998290e-14, ...,\n",
       "         -3.90798505e-14,  -3.90798505e-14,  -3.90798505e-14],\n",
       "       [  5.10066318e-14,   5.10066318e-14,   5.10066318e-14, ...,\n",
       "          1.46614391e-14,   1.46614391e-14,   1.46614391e-14],\n",
       "       ..., \n",
       "       [ -6.44814308e-14,  -6.44814308e-14,  -6.44814308e-14, ...,\n",
       "         -6.57252031e-14,  -6.57252031e-14,  -6.57252031e-14],\n",
       "       [  1.36232406e-14,   1.36232406e-14,   1.36232406e-14, ...,\n",
       "          9.95863839e-15,   9.95863839e-15,   9.95863839e-15],\n",
       "       [  4.17250357e-14,   4.17250357e-14,   4.17250357e-14, ...,\n",
       "          3.90798505e-14,   3.90798505e-14,   3.90798505e-14]])"
      ]
     },
     "execution_count": 57,
     "metadata": {},
     "output_type": "execute_result"
    }
   ],
   "source": [
    "N = 10\n",
    "D = 20\n",
    "from numpy import array\n",
    "mean_list=[]\n",
    "for i in range (len(data)):\n",
    "    mean_list.append(data[i,:].mean())\n",
    "\n",
    "M = array(mean_list)\n",
    "mean = [M for i in range(N)]\n",
    "data"
   ]
  },
  {
   "cell_type": "code",
   "execution_count": 58,
   "metadata": {
    "collapsed": false
   },
   "outputs": [
    {
     "data": {
      "text/plain": [
       "array([-286.71786378,  108.29238324,  -54.28750601,   27.04844599,\n",
       "        -36.75175446,    8.45576089,  -16.45660355,   -5.08117789,\n",
       "        -14.61718432,   -2.94221621,    0.81994133,  -13.85265825,\n",
       "          1.46340447,   -7.06955115,    6.39640974,   -9.97138574,\n",
       "         -1.29266073,   -0.60306892,   -1.06154306,   -2.97482542])"
      ]
     },
     "execution_count": 58,
     "metadata": {},
     "output_type": "execute_result"
    }
   ],
   "source": [
    "mu = np.mean(data, axis=1)\n",
    "#mu = np.random.uniform(0,1,size=D) # for i in range(N)]\n",
    "mu"
   ]
  },
  {
   "cell_type": "code",
   "execution_count": 195,
   "metadata": {
    "collapsed": false
   },
   "outputs": [],
   "source": [
    "#covar = np.cov(data)\n",
    "covar =np.eye(D)"
   ]
  },
  {
   "cell_type": "code",
   "execution_count": 196,
   "metadata": {
    "collapsed": false
   },
   "outputs": [],
   "source": [
    "#covar"
   ]
  },
  {
   "cell_type": "code",
   "execution_count": 197,
   "metadata": {
    "collapsed": false
   },
   "outputs": [
    {
     "data": {
      "text/plain": [
       "(20,)"
      ]
     },
     "execution_count": 197,
     "metadata": {},
     "output_type": "execute_result"
    }
   ],
   "source": [
    "mu.shape"
   ]
  },
  {
   "cell_type": "code",
   "execution_count": 198,
   "metadata": {
    "collapsed": false
   },
   "outputs": [
    {
     "data": {
      "text/plain": [
       "(1, 20)"
      ]
     },
     "execution_count": 198,
     "metadata": {},
     "output_type": "execute_result"
    }
   ],
   "source": [
    "np.random.multivariate_normal(mu, covar, 1).shape"
   ]
  },
  {
   "cell_type": "code",
   "execution_count": 199,
   "metadata": {
    "collapsed": false
   },
   "outputs": [],
   "source": [
    "covariance = [covar for i in range(N)]\n",
    "\n",
    "distributions = [MultivariateGaussianDistribution(np.random.multivariate_normal(mu, covar, 1).squeeze() , covar) for i in range(N)]\n",
    "\n",
    "#distributions = [MultivariateGaussianDistribution(mean[i], covariance[i]) for i in range(N)]\n",
    "\n",
    "transition = np.ones((N, N)) / N\n",
    "starts = np.ones(N) / N\n",
    "ends = np.ones(N) / N\n"
   ]
  },
  {
   "cell_type": "code",
   "execution_count": 200,
   "metadata": {
    "collapsed": false
   },
   "outputs": [
    {
     "name": "stdout",
     "output_type": "stream",
     "text": [
      "Training improvement: 834824875712096.0\n",
      "Training improvement: -834824857197292.2\n",
      "Training improvement: 611022908666957.4\n",
      "Training improvement: -587549995536977.9\n",
      "Training improvement: -11580523167858.734\n",
      "Training improvement: -11892385176416.246\n",
      "Training improvement: -10.945902595412917\n",
      "Training improvement: -16.545697398134507\n",
      "Training improvement: -2.0668929874664173\n",
      "Total Training Improvement: 23300478.74623544\n"
     ]
    },
    {
     "name": "stderr",
     "output_type": "stream",
     "text": [
      "Exception ignored in: 'pomegranate.hmm.HiddenMarkovModel._baum_welch_update'\n",
      "Traceback (most recent call last):\n",
      "  File \"pomegranate/distributions.pyx\", line 2378, in pomegranate.distributions.MultivariateGaussianDistribution.from_summaries (pomegranate/distributions.c:38986)\n",
      "  File \"/Users/elancheliyan/anaconda/lib/python3.5/site-packages/numpy/linalg/linalg.py\", line 526, in inv\n",
      "    ainv = _umath_linalg.inv(a, signature=signature, extobj=extobj)\n",
      "  File \"/Users/elancheliyan/anaconda/lib/python3.5/site-packages/numpy/linalg/linalg.py\", line 90, in _raise_linalgerror_singular\n",
      "    raise LinAlgError(\"Singular matrix\")\n",
      "numpy.linalg.linalg.LinAlgError: Singular matrix\n",
      "Exception ignored in: 'pomegranate.hmm.HiddenMarkovModel._baum_welch_update'\n",
      "Traceback (most recent call last):\n",
      "  File \"pomegranate/distributions.pyx\", line 2378, in pomegranate.distributions.MultivariateGaussianDistribution.from_summaries (pomegranate/distributions.c:38986)\n",
      "  File \"/Users/elancheliyan/anaconda/lib/python3.5/site-packages/numpy/linalg/linalg.py\", line 526, in inv\n",
      "    ainv = _umath_linalg.inv(a, signature=signature, extobj=extobj)\n",
      "  File \"/Users/elancheliyan/anaconda/lib/python3.5/site-packages/numpy/linalg/linalg.py\", line 90, in _raise_linalgerror_singular\n",
      "    raise LinAlgError(\"Singular matrix\")\n",
      "numpy.linalg.linalg.LinAlgError: Singular matrix\n",
      "Exception ignored in: 'pomegranate.hmm.HiddenMarkovModel._baum_welch_update'\n",
      "Traceback (most recent call last):\n",
      "  File \"pomegranate/distributions.pyx\", line 2378, in pomegranate.distributions.MultivariateGaussianDistribution.from_summaries (pomegranate/distributions.c:38986)\n",
      "  File \"/Users/elancheliyan/anaconda/lib/python3.5/site-packages/numpy/linalg/linalg.py\", line 526, in inv\n",
      "    ainv = _umath_linalg.inv(a, signature=signature, extobj=extobj)\n",
      "  File \"/Users/elancheliyan/anaconda/lib/python3.5/site-packages/numpy/linalg/linalg.py\", line 90, in _raise_linalgerror_singular\n",
      "    raise LinAlgError(\"Singular matrix\")\n",
      "numpy.linalg.linalg.LinAlgError: Singular matrix\n",
      "Exception ignored in: 'pomegranate.hmm.HiddenMarkovModel._baum_welch_update'\n",
      "Traceback (most recent call last):\n",
      "  File \"pomegranate/distributions.pyx\", line 2378, in pomegranate.distributions.MultivariateGaussianDistribution.from_summaries (pomegranate/distributions.c:38986)\n",
      "  File \"/Users/elancheliyan/anaconda/lib/python3.5/site-packages/numpy/linalg/linalg.py\", line 526, in inv\n",
      "    ainv = _umath_linalg.inv(a, signature=signature, extobj=extobj)\n",
      "  File \"/Users/elancheliyan/anaconda/lib/python3.5/site-packages/numpy/linalg/linalg.py\", line 90, in _raise_linalgerror_singular\n",
      "    raise LinAlgError(\"Singular matrix\")\n",
      "numpy.linalg.linalg.LinAlgError: Singular matrix\n",
      "Exception ignored in: 'pomegranate.hmm.HiddenMarkovModel._baum_welch_update'\n",
      "Traceback (most recent call last):\n",
      "  File \"pomegranate/distributions.pyx\", line 2378, in pomegranate.distributions.MultivariateGaussianDistribution.from_summaries (pomegranate/distributions.c:38986)\n",
      "  File \"/Users/elancheliyan/anaconda/lib/python3.5/site-packages/numpy/linalg/linalg.py\", line 526, in inv\n",
      "    ainv = _umath_linalg.inv(a, signature=signature, extobj=extobj)\n",
      "  File \"/Users/elancheliyan/anaconda/lib/python3.5/site-packages/numpy/linalg/linalg.py\", line 90, in _raise_linalgerror_singular\n",
      "    raise LinAlgError(\"Singular matrix\")\n",
      "numpy.linalg.linalg.LinAlgError: Singular matrix\n",
      "Exception ignored in: 'pomegranate.hmm.HiddenMarkovModel._baum_welch_update'\n",
      "Traceback (most recent call last):\n",
      "  File \"pomegranate/distributions.pyx\", line 2378, in pomegranate.distributions.MultivariateGaussianDistribution.from_summaries (pomegranate/distributions.c:38986)\n",
      "  File \"/Users/elancheliyan/anaconda/lib/python3.5/site-packages/numpy/linalg/linalg.py\", line 526, in inv\n",
      "    ainv = _umath_linalg.inv(a, signature=signature, extobj=extobj)\n",
      "  File \"/Users/elancheliyan/anaconda/lib/python3.5/site-packages/numpy/linalg/linalg.py\", line 90, in _raise_linalgerror_singular\n",
      "    raise LinAlgError(\"Singular matrix\")\n",
      "numpy.linalg.linalg.LinAlgError: Singular matrix\n",
      "Exception ignored in: 'pomegranate.hmm.HiddenMarkovModel._baum_welch_update'\n",
      "Traceback (most recent call last):\n",
      "  File \"pomegranate/distributions.pyx\", line 2378, in pomegranate.distributions.MultivariateGaussianDistribution.from_summaries (pomegranate/distributions.c:38986)\n",
      "  File \"/Users/elancheliyan/anaconda/lib/python3.5/site-packages/numpy/linalg/linalg.py\", line 526, in inv\n",
      "    ainv = _umath_linalg.inv(a, signature=signature, extobj=extobj)\n",
      "  File \"/Users/elancheliyan/anaconda/lib/python3.5/site-packages/numpy/linalg/linalg.py\", line 90, in _raise_linalgerror_singular\n",
      "    raise LinAlgError(\"Singular matrix\")\n",
      "numpy.linalg.linalg.LinAlgError: Singular matrix\n",
      "Exception ignored in: 'pomegranate.hmm.HiddenMarkovModel._baum_welch_update'\n",
      "Traceback (most recent call last):\n",
      "  File \"pomegranate/distributions.pyx\", line 2378, in pomegranate.distributions.MultivariateGaussianDistribution.from_summaries (pomegranate/distributions.c:38986)\n",
      "  File \"/Users/elancheliyan/anaconda/lib/python3.5/site-packages/numpy/linalg/linalg.py\", line 526, in inv\n",
      "    ainv = _umath_linalg.inv(a, signature=signature, extobj=extobj)\n",
      "  File \"/Users/elancheliyan/anaconda/lib/python3.5/site-packages/numpy/linalg/linalg.py\", line 90, in _raise_linalgerror_singular\n",
      "    raise LinAlgError(\"Singular matrix\")\n",
      "numpy.linalg.linalg.LinAlgError: Singular matrix\n",
      "Exception ignored in: 'pomegranate.hmm.HiddenMarkovModel._baum_welch_update'\n",
      "Traceback (most recent call last):\n",
      "  File \"pomegranate/distributions.pyx\", line 2378, in pomegranate.distributions.MultivariateGaussianDistribution.from_summaries (pomegranate/distributions.c:38986)\n",
      "  File \"/Users/elancheliyan/anaconda/lib/python3.5/site-packages/numpy/linalg/linalg.py\", line 526, in inv\n",
      "    ainv = _umath_linalg.inv(a, signature=signature, extobj=extobj)\n",
      "  File \"/Users/elancheliyan/anaconda/lib/python3.5/site-packages/numpy/linalg/linalg.py\", line 90, in _raise_linalgerror_singular\n",
      "    raise LinAlgError(\"Singular matrix\")\n",
      "numpy.linalg.linalg.LinAlgError: Singular matrix\n"
     ]
    },
    {
     "data": {
      "text/plain": [
       "23300478.74623544"
      ]
     },
     "execution_count": 200,
     "metadata": {},
     "output_type": "execute_result"
    }
   ],
   "source": [
    "hmm = HiddenMarkovModel.from_matrix(transition, distributions, starts, ends)\n",
    "hmm.fit([data], algorithm='baum-welch', verbose=True, min_iterations=9)\n"
   ]
  },
  {
   "cell_type": "code",
   "execution_count": 201,
   "metadata": {
    "collapsed": false
   },
   "outputs": [],
   "source": [
    "voc=[]"
   ]
  },
  {
   "cell_type": "code",
   "execution_count": 202,
   "metadata": {
    "collapsed": false
   },
   "outputs": [],
   "source": [
    "path = hmm.viterbi(data.T)[1]"
   ]
  },
  {
   "cell_type": "code",
   "execution_count": 203,
   "metadata": {
    "collapsed": false
   },
   "outputs": [
    {
     "data": {
      "text/plain": [
       "Counter({4: 56827, 7: 1, 9: 1, 10: 1, 11: 1})"
      ]
     },
     "execution_count": 203,
     "metadata": {},
     "output_type": "execute_result"
    }
   ],
   "source": [
    "x= [state for state,_ in path]\n",
    "count = Counter(x)\n",
    "count"
   ]
  },
  {
   "cell_type": "markdown",
   "metadata": {},
   "source": [
    "### Distribution after fitting"
   ]
  },
  {
   "cell_type": "code",
   "execution_count": 204,
   "metadata": {
    "collapsed": false,
    "scrolled": false
   },
   "outputs": [
    {
     "name": "stdout",
     "output_type": "stream",
     "text": [
      "d.name MultivariateGaussianDistribution\n",
      "d.mu [ -2.86672296e+02   1.08069638e+02  -5.48553977e+01   2.80732608e+01\n",
      "  -3.71099838e+01   9.17572914e+00  -1.74631474e+01  -6.10764967e+00\n",
      "  -1.49505857e+01  -2.48961859e+00   1.35545490e+00  -1.24807405e+01\n",
      "   4.92765367e-01  -5.76657972e+00   6.80580823e+00  -9.79702336e+00\n",
      "  -1.09411201e+00  -2.00484749e+00   2.92286550e-02  -5.01312623e+00]\n",
      "d.cov [[ 1.  0.  0.  0.  0.  0.  0.  0.  0.  0.  0.  0.  0.  0.  0.  0.  0.  0.\n",
      "   0.  0.]\n",
      " [ 0.  1.  0.  0.  0.  0.  0.  0.  0.  0.  0.  0.  0.  0.  0.  0.  0.  0.\n",
      "   0.  0.]\n",
      " [ 0.  0.  1.  0.  0.  0.  0.  0.  0.  0.  0.  0.  0.  0.  0.  0.  0.  0.\n",
      "   0.  0.]\n",
      " [ 0.  0.  0.  1.  0.  0.  0.  0.  0.  0.  0.  0.  0.  0.  0.  0.  0.  0.\n",
      "   0.  0.]\n",
      " [ 0.  0.  0.  0.  1.  0.  0.  0.  0.  0.  0.  0.  0.  0.  0.  0.  0.  0.\n",
      "   0.  0.]\n",
      " [ 0.  0.  0.  0.  0.  1.  0.  0.  0.  0.  0.  0.  0.  0.  0.  0.  0.  0.\n",
      "   0.  0.]\n",
      " [ 0.  0.  0.  0.  0.  0.  1.  0.  0.  0.  0.  0.  0.  0.  0.  0.  0.  0.\n",
      "   0.  0.]\n",
      " [ 0.  0.  0.  0.  0.  0.  0.  1.  0.  0.  0.  0.  0.  0.  0.  0.  0.  0.\n",
      "   0.  0.]\n",
      " [ 0.  0.  0.  0.  0.  0.  0.  0.  1.  0.  0.  0.  0.  0.  0.  0.  0.  0.\n",
      "   0.  0.]\n",
      " [ 0.  0.  0.  0.  0.  0.  0.  0.  0.  1.  0.  0.  0.  0.  0.  0.  0.  0.\n",
      "   0.  0.]\n",
      " [ 0.  0.  0.  0.  0.  0.  0.  0.  0.  0.  1.  0.  0.  0.  0.  0.  0.  0.\n",
      "   0.  0.]\n",
      " [ 0.  0.  0.  0.  0.  0.  0.  0.  0.  0.  0.  1.  0.  0.  0.  0.  0.  0.\n",
      "   0.  0.]\n",
      " [ 0.  0.  0.  0.  0.  0.  0.  0.  0.  0.  0.  0.  1.  0.  0.  0.  0.  0.\n",
      "   0.  0.]\n",
      " [ 0.  0.  0.  0.  0.  0.  0.  0.  0.  0.  0.  0.  0.  1.  0.  0.  0.  0.\n",
      "   0.  0.]\n",
      " [ 0.  0.  0.  0.  0.  0.  0.  0.  0.  0.  0.  0.  0.  0.  1.  0.  0.  0.\n",
      "   0.  0.]\n",
      " [ 0.  0.  0.  0.  0.  0.  0.  0.  0.  0.  0.  0.  0.  0.  0.  1.  0.  0.\n",
      "   0.  0.]\n",
      " [ 0.  0.  0.  0.  0.  0.  0.  0.  0.  0.  0.  0.  0.  0.  0.  0.  1.  0.\n",
      "   0.  0.]\n",
      " [ 0.  0.  0.  0.  0.  0.  0.  0.  0.  0.  0.  0.  0.  0.  0.  0.  0.  1.\n",
      "   0.  0.]\n",
      " [ 0.  0.  0.  0.  0.  0.  0.  0.  0.  0.  0.  0.  0.  0.  0.  0.  0.  0.\n",
      "   1.  0.]\n",
      " [ 0.  0.  0.  0.  0.  0.  0.  0.  0.  0.  0.  0.  0.  0.  0.  0.  0.  0.\n",
      "   0.  1.]]\n",
      "d.name MultivariateGaussianDistribution\n",
      "d.mu [-286.5973951   108.99732748  -54.83985988   28.05993646  -36.99206388\n",
      "    9.52802762  -17.67463897   -3.87756527  -18.35770402   -2.0108559\n",
      "    1.66335642  -13.63769184    3.4815282    -8.56847304    6.14868724\n",
      "  -10.50102353   -0.78013492   -0.6080812    -2.02549736   -0.93229109]\n",
      "d.cov [[ 1.  0.  0.  0.  0.  0.  0.  0.  0.  0.  0.  0.  0.  0.  0.  0.  0.  0.\n",
      "   0.  0.]\n",
      " [ 0.  1.  0.  0.  0.  0.  0.  0.  0.  0.  0.  0.  0.  0.  0.  0.  0.  0.\n",
      "   0.  0.]\n",
      " [ 0.  0.  1.  0.  0.  0.  0.  0.  0.  0.  0.  0.  0.  0.  0.  0.  0.  0.\n",
      "   0.  0.]\n",
      " [ 0.  0.  0.  1.  0.  0.  0.  0.  0.  0.  0.  0.  0.  0.  0.  0.  0.  0.\n",
      "   0.  0.]\n",
      " [ 0.  0.  0.  0.  1.  0.  0.  0.  0.  0.  0.  0.  0.  0.  0.  0.  0.  0.\n",
      "   0.  0.]\n",
      " [ 0.  0.  0.  0.  0.  1.  0.  0.  0.  0.  0.  0.  0.  0.  0.  0.  0.  0.\n",
      "   0.  0.]\n",
      " [ 0.  0.  0.  0.  0.  0.  1.  0.  0.  0.  0.  0.  0.  0.  0.  0.  0.  0.\n",
      "   0.  0.]\n",
      " [ 0.  0.  0.  0.  0.  0.  0.  1.  0.  0.  0.  0.  0.  0.  0.  0.  0.  0.\n",
      "   0.  0.]\n",
      " [ 0.  0.  0.  0.  0.  0.  0.  0.  1.  0.  0.  0.  0.  0.  0.  0.  0.  0.\n",
      "   0.  0.]\n",
      " [ 0.  0.  0.  0.  0.  0.  0.  0.  0.  1.  0.  0.  0.  0.  0.  0.  0.  0.\n",
      "   0.  0.]\n",
      " [ 0.  0.  0.  0.  0.  0.  0.  0.  0.  0.  1.  0.  0.  0.  0.  0.  0.  0.\n",
      "   0.  0.]\n",
      " [ 0.  0.  0.  0.  0.  0.  0.  0.  0.  0.  0.  1.  0.  0.  0.  0.  0.  0.\n",
      "   0.  0.]\n",
      " [ 0.  0.  0.  0.  0.  0.  0.  0.  0.  0.  0.  0.  1.  0.  0.  0.  0.  0.\n",
      "   0.  0.]\n",
      " [ 0.  0.  0.  0.  0.  0.  0.  0.  0.  0.  0.  0.  0.  1.  0.  0.  0.  0.\n",
      "   0.  0.]\n",
      " [ 0.  0.  0.  0.  0.  0.  0.  0.  0.  0.  0.  0.  0.  0.  1.  0.  0.  0.\n",
      "   0.  0.]\n",
      " [ 0.  0.  0.  0.  0.  0.  0.  0.  0.  0.  0.  0.  0.  0.  0.  1.  0.  0.\n",
      "   0.  0.]\n",
      " [ 0.  0.  0.  0.  0.  0.  0.  0.  0.  0.  0.  0.  0.  0.  0.  0.  1.  0.\n",
      "   0.  0.]\n",
      " [ 0.  0.  0.  0.  0.  0.  0.  0.  0.  0.  0.  0.  0.  0.  0.  0.  0.  1.\n",
      "   0.  0.]\n",
      " [ 0.  0.  0.  0.  0.  0.  0.  0.  0.  0.  0.  0.  0.  0.  0.  0.  0.  0.\n",
      "   1.  0.]\n",
      " [ 0.  0.  0.  0.  0.  0.  0.  0.  0.  0.  0.  0.  0.  0.  0.  0.  0.  0.\n",
      "   0.  1.]]\n",
      "d.name MultivariateGaussianDistribution\n",
      "d.mu [-286.51093514  107.16733277  -54.15805718   27.95257248  -34.91568135\n",
      "    8.36802146  -18.55100758   -3.48796113  -15.91298515   -1.11587629\n",
      "    0.9814439   -13.25411476    1.1313512    -8.37204238    7.57482758\n",
      "   -8.82256215    0.79895131   -0.54074619   -0.7199386    -1.68082364]\n",
      "d.cov [[ 1.  0.  0.  0.  0.  0.  0.  0.  0.  0.  0.  0.  0.  0.  0.  0.  0.  0.\n",
      "   0.  0.]\n",
      " [ 0.  1.  0.  0.  0.  0.  0.  0.  0.  0.  0.  0.  0.  0.  0.  0.  0.  0.\n",
      "   0.  0.]\n",
      " [ 0.  0.  1.  0.  0.  0.  0.  0.  0.  0.  0.  0.  0.  0.  0.  0.  0.  0.\n",
      "   0.  0.]\n",
      " [ 0.  0.  0.  1.  0.  0.  0.  0.  0.  0.  0.  0.  0.  0.  0.  0.  0.  0.\n",
      "   0.  0.]\n",
      " [ 0.  0.  0.  0.  1.  0.  0.  0.  0.  0.  0.  0.  0.  0.  0.  0.  0.  0.\n",
      "   0.  0.]\n",
      " [ 0.  0.  0.  0.  0.  1.  0.  0.  0.  0.  0.  0.  0.  0.  0.  0.  0.  0.\n",
      "   0.  0.]\n",
      " [ 0.  0.  0.  0.  0.  0.  1.  0.  0.  0.  0.  0.  0.  0.  0.  0.  0.  0.\n",
      "   0.  0.]\n",
      " [ 0.  0.  0.  0.  0.  0.  0.  1.  0.  0.  0.  0.  0.  0.  0.  0.  0.  0.\n",
      "   0.  0.]\n",
      " [ 0.  0.  0.  0.  0.  0.  0.  0.  1.  0.  0.  0.  0.  0.  0.  0.  0.  0.\n",
      "   0.  0.]\n",
      " [ 0.  0.  0.  0.  0.  0.  0.  0.  0.  1.  0.  0.  0.  0.  0.  0.  0.  0.\n",
      "   0.  0.]\n",
      " [ 0.  0.  0.  0.  0.  0.  0.  0.  0.  0.  1.  0.  0.  0.  0.  0.  0.  0.\n",
      "   0.  0.]\n",
      " [ 0.  0.  0.  0.  0.  0.  0.  0.  0.  0.  0.  1.  0.  0.  0.  0.  0.  0.\n",
      "   0.  0.]\n",
      " [ 0.  0.  0.  0.  0.  0.  0.  0.  0.  0.  0.  0.  1.  0.  0.  0.  0.  0.\n",
      "   0.  0.]\n",
      " [ 0.  0.  0.  0.  0.  0.  0.  0.  0.  0.  0.  0.  0.  1.  0.  0.  0.  0.\n",
      "   0.  0.]\n",
      " [ 0.  0.  0.  0.  0.  0.  0.  0.  0.  0.  0.  0.  0.  0.  1.  0.  0.  0.\n",
      "   0.  0.]\n",
      " [ 0.  0.  0.  0.  0.  0.  0.  0.  0.  0.  0.  0.  0.  0.  0.  1.  0.  0.\n",
      "   0.  0.]\n",
      " [ 0.  0.  0.  0.  0.  0.  0.  0.  0.  0.  0.  0.  0.  0.  0.  0.  1.  0.\n",
      "   0.  0.]\n",
      " [ 0.  0.  0.  0.  0.  0.  0.  0.  0.  0.  0.  0.  0.  0.  0.  0.  0.  1.\n",
      "   0.  0.]\n",
      " [ 0.  0.  0.  0.  0.  0.  0.  0.  0.  0.  0.  0.  0.  0.  0.  0.  0.  0.\n",
      "   1.  0.]\n",
      " [ 0.  0.  0.  0.  0.  0.  0.  0.  0.  0.  0.  0.  0.  0.  0.  0.  0.  0.\n",
      "   0.  1.]]\n",
      "d.name MultivariateGaussianDistribution\n",
      "d.mu [-286.78180495  107.96681973  -54.05116403   25.28028316  -37.74993476\n",
      "    8.82161992  -17.15616027   -4.80516305  -13.45865935   -3.53812725\n",
      "    2.78851708  -14.2093672     2.40985704   -6.12446146    5.75434874\n",
      "  -11.09070908   -1.6347296    -1.46258746    1.59452423   -4.14695184]\n",
      "d.cov [[ 1.  0.  0.  0.  0.  0.  0.  0.  0.  0.  0.  0.  0.  0.  0.  0.  0.  0.\n",
      "   0.  0.]\n",
      " [ 0.  1.  0.  0.  0.  0.  0.  0.  0.  0.  0.  0.  0.  0.  0.  0.  0.  0.\n",
      "   0.  0.]\n",
      " [ 0.  0.  1.  0.  0.  0.  0.  0.  0.  0.  0.  0.  0.  0.  0.  0.  0.  0.\n",
      "   0.  0.]\n",
      " [ 0.  0.  0.  1.  0.  0.  0.  0.  0.  0.  0.  0.  0.  0.  0.  0.  0.  0.\n",
      "   0.  0.]\n",
      " [ 0.  0.  0.  0.  1.  0.  0.  0.  0.  0.  0.  0.  0.  0.  0.  0.  0.  0.\n",
      "   0.  0.]\n",
      " [ 0.  0.  0.  0.  0.  1.  0.  0.  0.  0.  0.  0.  0.  0.  0.  0.  0.  0.\n",
      "   0.  0.]\n",
      " [ 0.  0.  0.  0.  0.  0.  1.  0.  0.  0.  0.  0.  0.  0.  0.  0.  0.  0.\n",
      "   0.  0.]\n",
      " [ 0.  0.  0.  0.  0.  0.  0.  1.  0.  0.  0.  0.  0.  0.  0.  0.  0.  0.\n",
      "   0.  0.]\n",
      " [ 0.  0.  0.  0.  0.  0.  0.  0.  1.  0.  0.  0.  0.  0.  0.  0.  0.  0.\n",
      "   0.  0.]\n",
      " [ 0.  0.  0.  0.  0.  0.  0.  0.  0.  1.  0.  0.  0.  0.  0.  0.  0.  0.\n",
      "   0.  0.]\n",
      " [ 0.  0.  0.  0.  0.  0.  0.  0.  0.  0.  1.  0.  0.  0.  0.  0.  0.  0.\n",
      "   0.  0.]\n",
      " [ 0.  0.  0.  0.  0.  0.  0.  0.  0.  0.  0.  1.  0.  0.  0.  0.  0.  0.\n",
      "   0.  0.]\n",
      " [ 0.  0.  0.  0.  0.  0.  0.  0.  0.  0.  0.  0.  1.  0.  0.  0.  0.  0.\n",
      "   0.  0.]\n",
      " [ 0.  0.  0.  0.  0.  0.  0.  0.  0.  0.  0.  0.  0.  1.  0.  0.  0.  0.\n",
      "   0.  0.]\n",
      " [ 0.  0.  0.  0.  0.  0.  0.  0.  0.  0.  0.  0.  0.  0.  1.  0.  0.  0.\n",
      "   0.  0.]\n",
      " [ 0.  0.  0.  0.  0.  0.  0.  0.  0.  0.  0.  0.  0.  0.  0.  1.  0.  0.\n",
      "   0.  0.]\n",
      " [ 0.  0.  0.  0.  0.  0.  0.  0.  0.  0.  0.  0.  0.  0.  0.  0.  1.  0.\n",
      "   0.  0.]\n",
      " [ 0.  0.  0.  0.  0.  0.  0.  0.  0.  0.  0.  0.  0.  0.  0.  0.  0.  1.\n",
      "   0.  0.]\n",
      " [ 0.  0.  0.  0.  0.  0.  0.  0.  0.  0.  0.  0.  0.  0.  0.  0.  0.  0.\n",
      "   1.  0.]\n",
      " [ 0.  0.  0.  0.  0.  0.  0.  0.  0.  0.  0.  0.  0.  0.  0.  0.  0.  0.\n",
      "   0.  1.]]\n",
      "d.name MultivariateGaussianDistribution\n",
      "d.mu [-349.93112822 -355.22230598 -354.5217497  -344.82869456 -328.75310566\n",
      " -329.31036963 -344.0226967  -358.27106589 -354.08653277 -337.00465007\n",
      " -331.8708482  -331.98124731 -335.7473524  -334.09780553 -335.0818001\n",
      " -346.47892001 -351.07955027 -344.98653681 -336.81428203 -327.49005377]\n",
      "d.cov [[ 17159.16551364  16397.57470522  15176.01516939  14899.67904461\n",
      "   14642.05625063  13651.39562807  12905.41773666  12978.35941656\n",
      "   13414.2284625   14170.19153557  14311.70561287  13783.39700443\n",
      "   13144.65259257  12812.57571143  12118.34079021  10669.78765209\n",
      "   10103.40367365  10292.97127638  10563.91467149  10531.98393515]\n",
      " [ 16397.57470522  16120.83989703  15328.5083537   14940.84441601\n",
      "   14618.3064011   13665.61828047  12984.2073256   12952.92727266\n",
      "   13278.15307379  13810.43178446  13894.95529648  13490.34923359\n",
      "   13162.03095793  12957.65242449  12045.59025962  10479.14019337\n",
      "    9786.63710958   9726.53317016  10003.95450289  10308.65980987]\n",
      " [ 15176.01516939  15328.5083537   15852.22473309  16016.4878429\n",
      "   15374.675493    14122.72965733  13513.76441471  13470.27140119\n",
      "   13466.48620643  13832.86006573  13822.68326555  13281.04197659\n",
      "   13163.15742984  13165.78236873  12044.23726188  10219.90143228\n",
      "    9267.8698414    9228.06769283   9663.02614556  10264.82159955]\n",
      " [ 14899.67904461  14940.84441601  16016.4878429   17133.53339162\n",
      "   16639.85374918  15074.12500671  14113.24128538  14003.50419215\n",
      "   14016.76163729  14382.82598589  14131.52307963  13262.35359958\n",
      "   13045.67653698  13091.3223692   12169.89759696  10444.43909346\n",
      "    9216.34031978   8806.29103221   9251.99003402  10118.79504271]\n",
      " [ 14642.05625063  14618.3064011   15374.675493    16639.85374918\n",
      "   17020.71850462  15974.07874335  14709.42406217  14158.75502882\n",
      "   14134.6344326   14299.69375116  13904.83192964  13205.95145277\n",
      "   13099.74895332  13016.58792954  12246.2506344   10713.3895418\n",
      "    9601.87427927   9110.27719484   9553.9449818   10752.67704022]\n",
      " [ 13651.39562807  13665.61828047  14122.72965733  15074.12500671\n",
      "   15974.07874335  15751.37032004  14750.37168618  13827.13002628\n",
      "   13326.19960266  13300.09907466  13047.12048973  12800.66748208\n",
      "   12943.73274583  12774.35452941  11926.82001046  10450.02689112\n",
      "    9696.73158428   9554.35703221  10052.4771375   11291.56503159]\n",
      " [ 12905.41773666  12984.2073256   13513.76441471  14113.24128538\n",
      "   14709.42406217  14750.37168618  14316.03439175  13435.19024631\n",
      "   12397.68229849  12341.17480257  12381.48340881  12441.08983581\n",
      "   12660.53920009  12495.46968298  11494.17954367   9897.69197536\n",
      "    9330.99302009   9594.96873448  10169.32277752  11225.46539659]\n",
      " [ 12978.35941656  12952.92727266  13470.27140119  14003.50419215\n",
      "   14158.75502882  13827.13002628  13435.19024631  13152.95410681\n",
      "   12394.3564374   12349.64405382  12388.99584268  12252.43244173\n",
      "   12253.43779593  12106.40242857  11222.16525826   9634.60555444\n",
      "    8889.08278586   9066.41304805   9690.16475366  10594.04286752]\n",
      " [ 13414.2284625   13278.15307379  13466.48620643  14016.76163729\n",
      "   14134.6344326   13326.19960266  12397.68229849  12394.3564374\n",
      "   12803.99086571  13136.82219385  12930.05404688  12222.79645284\n",
      "   11875.79839993  11837.32562415  11334.14253014  10064.91567926\n",
      "    9089.30102058   8765.69552161   9289.36134348  10030.47389983]\n",
      " [ 14170.19153557  13810.43178446  13832.86006573  14382.82598589\n",
      "   14299.69375116  13300.09907466  12341.17480257  12349.64405382\n",
      "   13136.82219385  14281.39378507  14354.80097108  13360.77517267\n",
      "   12567.03064983  12560.74226957  12213.01333269  11004.20993582\n",
      "    9941.92148519   9837.82116528  10361.91420455  10900.49371167]\n",
      " [ 14311.70561287  13894.95529648  13822.68326555  14131.52307963\n",
      "   13904.83192964  13047.12048973  12381.48340881  12388.99584268\n",
      "   12930.05404688  14354.80097108  14769.20913016  13981.02033593\n",
      "   13076.7773417   12988.40870231  12574.04860829  11301.7047608\n",
      "   10313.06461195  10581.07401515  11151.69842829  11596.95246435]\n",
      " [ 13783.39700443  13490.34923359  13281.04197659  13262.35359958\n",
      "   13205.95145277  12800.66748208  12441.08983581  12252.43244173\n",
      "   12222.79645284  13360.77517267  13981.02033593  13946.25495338\n",
      "   13498.70171905  13285.60490134  12677.03952097  11344.60700548\n",
      "   10529.46385741  11007.33053242  11519.25622143  11825.46877366]\n",
      " [ 13144.65259257  13162.03095793  13163.15742984  13045.67653698\n",
      "   13099.74895332  12943.73274583  12660.53920009  12253.43779593\n",
      "   11875.79839993  12567.03064983  13076.7773417   13498.70171905\n",
      "   13777.92532106  13776.61562434  12985.27180732  11506.74302402\n",
      "   10662.03551216  11018.48860213  11396.78651965  11666.79339058]\n",
      " [ 12812.57571143  12957.65242449  13165.78236873  13091.3223692\n",
      "   13016.58792954  12774.35452941  12495.46968298  12106.40242857\n",
      "   11837.32562415  12560.74226957  12988.40870231  13285.60490134\n",
      "   13776.61562434  14250.3398409   13634.22353386  12071.82141918\n",
      "   10897.16002449  11044.01530211  11400.75228057  11733.95920444]\n",
      " [ 12118.34079021  12045.59025962  12044.23726188  12169.89759696\n",
      "   12246.2506344   11926.82001046  11494.17954367  11222.16525826\n",
      "   11334.14253014  12213.01333269  12574.04860829  12677.03952097\n",
      "   12985.27180732  13634.22353386  13715.18046945  12552.55431564\n",
      "   11110.97697698  10830.43257803  11042.68472619  11423.43672411]\n",
      " [ 10669.78765209  10479.14019337  10219.90143228  10444.43909346\n",
      "   10713.3895418   10450.02689112   9897.69197536   9634.60555444\n",
      "   10064.91567926  11004.20993582  11301.7047608   11344.60700548\n",
      "   11506.74302402  12071.82141918  12552.55431564  11939.6160669\n",
      "   10644.23302291  10030.69586175  10069.16087908  10443.61839551]\n",
      " [ 10103.40367365   9786.63710958   9267.8698414    9216.34031978\n",
      "    9601.87427927   9696.73158428   9330.99302009   8889.08278586\n",
      "    9089.30102058   9941.92148519  10313.06461195  10529.46385741\n",
      "   10662.03551216  10897.16002449  11110.97697698  10644.23302291\n",
      "   10172.16195524  10174.77666122  10164.80516291  10113.21935043]\n",
      " [ 10292.97127638   9726.53317016   9228.06769283   8806.29103221\n",
      "    9110.27719484   9554.35703221   9594.96873448   9066.41304805\n",
      "    8765.69552161   9837.82116528  10581.07401515  11007.33053242\n",
      "   11018.48860213  11044.01530211  10830.43257803  10030.69586175\n",
      "   10174.77666122  11635.55190271  11882.35324637  11250.5774503 ]\n",
      " [ 10563.91467149  10003.95450289   9663.02614556   9251.99003402\n",
      "    9553.9449818   10052.4771375   10169.32277752   9690.16475366\n",
      "    9289.36134348  10361.91420455  11151.69842829  11519.25622143\n",
      "   11396.78651965  11400.75228057  11042.68472619  10069.16087908\n",
      "   10164.80516291  11882.35324637  12393.94471909  11858.85669358]\n",
      " [ 10531.98393515  10308.65980987  10264.82159955  10118.79504271\n",
      "   10752.67704022  11291.56503159  11225.46539659  10594.04286752\n",
      "   10030.47389983  10900.49371167  11596.95246435  11825.46877366\n",
      "   11666.79339058  11733.95920444  11423.43672411  10443.61839551\n",
      "   10113.21935043  11250.5774503   11858.85669358  12556.2954981 ]]\n",
      "d.name MultivariateGaussianDistribution\n",
      "d.mu [ -2.88507567e+02   1.06464129e+02  -5.44104876e+01   2.76596526e+01\n",
      "  -3.72479812e+01   7.32406100e+00  -1.67001022e+01  -4.82808742e+00\n",
      "  -1.48975167e+01  -1.31744438e+00   5.67725569e-01  -1.23829427e+01\n",
      "   7.81476315e-01  -6.97234375e+00   6.28486094e+00  -9.08039148e+00\n",
      "  -7.80961405e-02   1.89687785e-01  -1.35626775e+00  -3.12695439e+00]\n",
      "d.cov [[ 1.  0.  0.  0.  0.  0.  0.  0.  0.  0.  0.  0.  0.  0.  0.  0.  0.  0.\n",
      "   0.  0.]\n",
      " [ 0.  1.  0.  0.  0.  0.  0.  0.  0.  0.  0.  0.  0.  0.  0.  0.  0.  0.\n",
      "   0.  0.]\n",
      " [ 0.  0.  1.  0.  0.  0.  0.  0.  0.  0.  0.  0.  0.  0.  0.  0.  0.  0.\n",
      "   0.  0.]\n",
      " [ 0.  0.  0.  1.  0.  0.  0.  0.  0.  0.  0.  0.  0.  0.  0.  0.  0.  0.\n",
      "   0.  0.]\n",
      " [ 0.  0.  0.  0.  1.  0.  0.  0.  0.  0.  0.  0.  0.  0.  0.  0.  0.  0.\n",
      "   0.  0.]\n",
      " [ 0.  0.  0.  0.  0.  1.  0.  0.  0.  0.  0.  0.  0.  0.  0.  0.  0.  0.\n",
      "   0.  0.]\n",
      " [ 0.  0.  0.  0.  0.  0.  1.  0.  0.  0.  0.  0.  0.  0.  0.  0.  0.  0.\n",
      "   0.  0.]\n",
      " [ 0.  0.  0.  0.  0.  0.  0.  1.  0.  0.  0.  0.  0.  0.  0.  0.  0.  0.\n",
      "   0.  0.]\n",
      " [ 0.  0.  0.  0.  0.  0.  0.  0.  1.  0.  0.  0.  0.  0.  0.  0.  0.  0.\n",
      "   0.  0.]\n",
      " [ 0.  0.  0.  0.  0.  0.  0.  0.  0.  1.  0.  0.  0.  0.  0.  0.  0.  0.\n",
      "   0.  0.]\n",
      " [ 0.  0.  0.  0.  0.  0.  0.  0.  0.  0.  1.  0.  0.  0.  0.  0.  0.  0.\n",
      "   0.  0.]\n",
      " [ 0.  0.  0.  0.  0.  0.  0.  0.  0.  0.  0.  1.  0.  0.  0.  0.  0.  0.\n",
      "   0.  0.]\n",
      " [ 0.  0.  0.  0.  0.  0.  0.  0.  0.  0.  0.  0.  1.  0.  0.  0.  0.  0.\n",
      "   0.  0.]\n",
      " [ 0.  0.  0.  0.  0.  0.  0.  0.  0.  0.  0.  0.  0.  1.  0.  0.  0.  0.\n",
      "   0.  0.]\n",
      " [ 0.  0.  0.  0.  0.  0.  0.  0.  0.  0.  0.  0.  0.  0.  1.  0.  0.  0.\n",
      "   0.  0.]\n",
      " [ 0.  0.  0.  0.  0.  0.  0.  0.  0.  0.  0.  0.  0.  0.  0.  1.  0.  0.\n",
      "   0.  0.]\n",
      " [ 0.  0.  0.  0.  0.  0.  0.  0.  0.  0.  0.  0.  0.  0.  0.  0.  1.  0.\n",
      "   0.  0.]\n",
      " [ 0.  0.  0.  0.  0.  0.  0.  0.  0.  0.  0.  0.  0.  0.  0.  0.  0.  1.\n",
      "   0.  0.]\n",
      " [ 0.  0.  0.  0.  0.  0.  0.  0.  0.  0.  0.  0.  0.  0.  0.  0.  0.  0.\n",
      "   1.  0.]\n",
      " [ 0.  0.  0.  0.  0.  0.  0.  0.  0.  0.  0.  0.  0.  0.  0.  0.  0.  0.\n",
      "   0.  1.]]\n",
      "d.name MultivariateGaussianDistribution\n",
      "d.mu [-286.58102812  107.36143466  -55.72100502   27.37178738  -34.6171203\n",
      "    9.1258246   -15.18122853   -4.08832234  -14.17618653   -3.539383\n",
      "    1.29836481  -15.21865183    3.21468115   -7.78524352    6.80577531\n",
      "  -11.34221748   -3.55292805    0.7084667    -3.42622209   -3.10818728]\n",
      "d.cov [[ 1.  0.  0.  0.  0.  0.  0.  0.  0.  0.  0.  0.  0.  0.  0.  0.  0.  0.\n",
      "   0.  0.]\n",
      " [ 0.  1.  0.  0.  0.  0.  0.  0.  0.  0.  0.  0.  0.  0.  0.  0.  0.  0.\n",
      "   0.  0.]\n",
      " [ 0.  0.  1.  0.  0.  0.  0.  0.  0.  0.  0.  0.  0.  0.  0.  0.  0.  0.\n",
      "   0.  0.]\n",
      " [ 0.  0.  0.  1.  0.  0.  0.  0.  0.  0.  0.  0.  0.  0.  0.  0.  0.  0.\n",
      "   0.  0.]\n",
      " [ 0.  0.  0.  0.  1.  0.  0.  0.  0.  0.  0.  0.  0.  0.  0.  0.  0.  0.\n",
      "   0.  0.]\n",
      " [ 0.  0.  0.  0.  0.  1.  0.  0.  0.  0.  0.  0.  0.  0.  0.  0.  0.  0.\n",
      "   0.  0.]\n",
      " [ 0.  0.  0.  0.  0.  0.  1.  0.  0.  0.  0.  0.  0.  0.  0.  0.  0.  0.\n",
      "   0.  0.]\n",
      " [ 0.  0.  0.  0.  0.  0.  0.  1.  0.  0.  0.  0.  0.  0.  0.  0.  0.  0.\n",
      "   0.  0.]\n",
      " [ 0.  0.  0.  0.  0.  0.  0.  0.  1.  0.  0.  0.  0.  0.  0.  0.  0.  0.\n",
      "   0.  0.]\n",
      " [ 0.  0.  0.  0.  0.  0.  0.  0.  0.  1.  0.  0.  0.  0.  0.  0.  0.  0.\n",
      "   0.  0.]\n",
      " [ 0.  0.  0.  0.  0.  0.  0.  0.  0.  0.  1.  0.  0.  0.  0.  0.  0.  0.\n",
      "   0.  0.]\n",
      " [ 0.  0.  0.  0.  0.  0.  0.  0.  0.  0.  0.  1.  0.  0.  0.  0.  0.  0.\n",
      "   0.  0.]\n",
      " [ 0.  0.  0.  0.  0.  0.  0.  0.  0.  0.  0.  0.  1.  0.  0.  0.  0.  0.\n",
      "   0.  0.]\n",
      " [ 0.  0.  0.  0.  0.  0.  0.  0.  0.  0.  0.  0.  0.  1.  0.  0.  0.  0.\n",
      "   0.  0.]\n",
      " [ 0.  0.  0.  0.  0.  0.  0.  0.  0.  0.  0.  0.  0.  0.  1.  0.  0.  0.\n",
      "   0.  0.]\n",
      " [ 0.  0.  0.  0.  0.  0.  0.  0.  0.  0.  0.  0.  0.  0.  0.  1.  0.  0.\n",
      "   0.  0.]\n",
      " [ 0.  0.  0.  0.  0.  0.  0.  0.  0.  0.  0.  0.  0.  0.  0.  0.  1.  0.\n",
      "   0.  0.]\n",
      " [ 0.  0.  0.  0.  0.  0.  0.  0.  0.  0.  0.  0.  0.  0.  0.  0.  0.  1.\n",
      "   0.  0.]\n",
      " [ 0.  0.  0.  0.  0.  0.  0.  0.  0.  0.  0.  0.  0.  0.  0.  0.  0.  0.\n",
      "   1.  0.]\n",
      " [ 0.  0.  0.  0.  0.  0.  0.  0.  0.  0.  0.  0.  0.  0.  0.  0.  0.  0.\n",
      "   0.  1.]]\n",
      "d.name MultivariateGaussianDistribution\n",
      "d.mu [-302.06663255 -291.62137308 -233.8791831  -233.98438943 -266.23516881\n",
      " -301.85087184 -302.01649475 -291.95266319 -292.39911088 -286.23155298\n",
      " -281.74059945 -307.722101   -368.76711504 -380.42173143 -304.6922331\n",
      " -243.20428106 -205.18832259 -196.87711138 -204.14335367 -202.83233749]\n",
      "d.cov [[ 0.  0.  0.  0.  0.  0.  0.  0.  0.  0.  0.  0.  0.  0.  0.  0.  0.  0.\n",
      "   0.  0.]\n",
      " [ 0.  0.  0.  0.  0.  0.  0.  0.  0.  0.  0.  0.  0.  0.  0.  0.  0.  0.\n",
      "   0.  0.]\n",
      " [ 0.  0.  0.  0.  0.  0.  0.  0.  0.  0.  0.  0.  0.  0.  0.  0.  0.  0.\n",
      "   0.  0.]\n",
      " [ 0.  0.  0.  0.  0.  0.  0.  0.  0.  0.  0.  0.  0.  0.  0.  0.  0.  0.\n",
      "   0.  0.]\n",
      " [ 0.  0.  0.  0.  0.  0.  0.  0.  0.  0.  0.  0.  0.  0.  0.  0.  0.  0.\n",
      "   0.  0.]\n",
      " [ 0.  0.  0.  0.  0.  0.  0.  0.  0.  0.  0.  0.  0.  0.  0.  0.  0.  0.\n",
      "   0.  0.]\n",
      " [ 0.  0.  0.  0.  0.  0.  0.  0.  0.  0.  0.  0.  0.  0.  0.  0.  0.  0.\n",
      "   0.  0.]\n",
      " [ 0.  0.  0.  0.  0.  0.  0.  0.  0.  0.  0.  0.  0.  0.  0.  0.  0.  0.\n",
      "   0.  0.]\n",
      " [ 0.  0.  0.  0.  0.  0.  0.  0.  0.  0.  0.  0.  0.  0.  0.  0.  0.  0.\n",
      "   0.  0.]\n",
      " [ 0.  0.  0.  0.  0.  0.  0.  0.  0.  0.  0.  0.  0.  0.  0.  0.  0.  0.\n",
      "   0.  0.]\n",
      " [ 0.  0.  0.  0.  0.  0.  0.  0.  0.  0.  0.  0.  0.  0.  0.  0.  0.  0.\n",
      "   0.  0.]\n",
      " [ 0.  0.  0.  0.  0.  0.  0.  0.  0.  0.  0.  0.  0.  0.  0.  0.  0.  0.\n",
      "   0.  0.]\n",
      " [ 0.  0.  0.  0.  0.  0.  0.  0.  0.  0.  0.  0.  0.  0.  0.  0.  0.  0.\n",
      "   0.  0.]\n",
      " [ 0.  0.  0.  0.  0.  0.  0.  0.  0.  0.  0.  0.  0.  0.  0.  0.  0.  0.\n",
      "   0.  0.]\n",
      " [ 0.  0.  0.  0.  0.  0.  0.  0.  0.  0.  0.  0.  0.  0.  0.  0.  0.  0.\n",
      "   0.  0.]\n",
      " [ 0.  0.  0.  0.  0.  0.  0.  0.  0.  0.  0.  0.  0.  0.  0.  0.  0.  0.\n",
      "   0.  0.]\n",
      " [ 0.  0.  0.  0.  0.  0.  0.  0.  0.  0.  0.  0.  0.  0.  0.  0.  0.  0.\n",
      "   0.  0.]\n",
